1189.1475830078125 3319.866943359375 1312.21533203125 3348.822998046875
637.5410766601562 42.297027587890625 693.6509399414062 70.84101867675781
242.2311553955078 206.81813049316406 1197.583740234375 443.1026306152344
742.9677734375 2647.766357421875 1294.60302734375 2742.323974609375
743.9273681640625 2646.58642578125 1294.90283203125 2676.715576171875
122.93830108642578 1127.17041015625 1304.884521484375 1218.33349609375
123.92913055419922 1484.3570556640625 1307.2421875 1584.9130859375
218.16302490234375 3205.546142578125 244.0282745361328 3235.6845703125
455.80523681640625 3025.13330078125 983.8493041992188 3105.089599609375
122.62836456298828 1635.770263671875 1287.484375 1758.078125
852.0731811523438 3175.55810546875 1021.8193359375 3256.8837890625
743.9981079101562 2211.371337890625 1320.8350830078125 2620.35498046875
785.068359375 1.2703288793563843 865.63623046875 112.35601806640625
705.760498046875 1.7466522455215454 781.7793579101562 112.91695404052734
878.0662841796875 42.378997802734375 994.8786010742188 70.56816864013672
121.68019104003906 1785.2742919921875 1300.2994384765625 1903.027099609375
123.56574249267578 2041.6527099609375 472.22723388671875 2107.228515625
498.7870788574219 3104.583740234375 942.39111328125 3140.630126953125
604.3262329101562 473.39642333984375 837.5608520507812 515.285888671875
123.3595962524414 1363.9835205078125 1310.744140625 1458.54541015625
558.6796875 42.090789794921875 617.1292724609375 69.79647064208984
1015.7708129882812 42.46138381958008 1071.1112060546875 69.88326263427734
123.4992446899414 2213.78076171875 695.8078002929688 2623.759765625
122.12614440917969 2647.88134765625 676.0709838867188 2742.28662109375
122.67473602294922 2647.459716796875 676.2711791992188 2680.386962890625
1175.7052001953125 3190.5341796875 1318.473388671875 3249.282958984375
456.244873046875 3026.466552734375 984.3123168945312 3059.48974609375
312.98797607421875 3204.97998046875 339.9464111328125 3233.60107421875
122.62149810791016 3316.6220703125 488.0232238769531 3350.14306640625
122.5600357055664 3205.117431640625 148.7709197998047 3234.032470703125
744.0198974609375 2212.0693359375 1320.55419921875 2622.647705078125
974.7015991210938 3318.167724609375 1173.3602294921875 3347.99267578125
81.38645935058594 2.681408405303955 312.821044921875 119.35108947753906
1225.2410888671875 31.781963348388672 1340.9422607421875 91.0514144897461
1092.50439453125 32.63381576538086 1202.52490234375 90.43843841552734
1026.923583984375 3195.902587890625 1159.947265625 3243.2392578125
