535.892333984375 493.3542785644531 902.1235961914062 889.9332885742188
123.34245300292969 1521.950439453125 488.2997131347656 1922.1309814453125
126.18006134033203 2557.16943359375 487.8260192871094 2588.01220703125
125.95497131347656 951.4513549804688 546.9717407226562 1012.9186401367188
792.77783203125 43.77360916137695 855.5648803710938 69.47395324707031
125.50352478027344 1071.9434814453125 901.5089721679688 1474.416748046875
977.0171508789062 2559.002685546875 1173.399658203125 2586.271728515625
860.863525390625 2419.036376953125 1021.989501953125 2495.758056640625
953.5426635742188 1072.8663330078125 1316.1524658203125 1467.5716552734375
555.3762817382812 1852.241943359375 898.8578491210938 1909.1798095703125
715.1663818359375 43.329654693603516 770.067626953125 68.83805084228516
558.1438598632812 43.11955642700195 615.8146362304688 68.75011444091797
125.16272735595703 1072.54443359375 902.4879150390625 1473.6229248046875
638.556396484375 43.657012939453125 690.7947387695312 70.19608306884766
952.1924438476562 493.1845703125 1317.3470458984375 892.4197387695312
1015.1461791992188 44.18378829956055 1069.31103515625 69.2401351928711
536.4114379882812 1521.7911376953125 899.7579345703125 1843.8623046875
454.40447998046875 2265.956787109375 984.9463500976562 2377.89599609375
878.0841674804688 43.427181243896484 991.0948486328125 70.35211944580078
535.0406494140625 492.73681640625 902.05615234375 886.879150390625
951.4804077148438 1522.1148681640625 1317.27734375 1923.080322265625
1184.8458251953125 2559.257568359375 1315.2796630859375 2587.38720703125
123.06773376464844 492.4437561035156 489.07708740234375 892.6741943359375
168.9157257080078 2443.9091796875 198.889892578125 2476.433837890625
952.580322265625 1078.780029296875 1315.1376953125 1446.269287109375
644.1322021484375 1972.0484619140625 796.701416015625 2030.47607421875
122.78105926513672 492.72857666015625 488.9659423828125 891.6320190429688
1092.8790283203125 33.172218322753906 1202.4083251953125 89.74359893798828
955.6161499023438 817.7451782226562 1103.9908447265625 897.249755859375
842.337890625 201.75680541992188 1299.6922607421875 353.8857116699219
221.22433471679688 2446.37890625 242.48377990722656 2473.588134765625
951.1431884765625 1522.000732421875 1317.584716796875 1921.70458984375
1180.863037109375 2438.03173828125 1316.240478515625 2479.8408203125
1223.36767578125 32.4022216796875 1339.969482421875 89.51917266845703
83.07291412353516 2.884345293045044 320.4723815917969 114.85555267333984
1026.953857421875 2436.468505859375 1163.39990234375 2480.99853515625
