124.71756744384766 655.4909057617188 764.8499755859375 1017.5859985351562
122.12947082519531 5152.544921875 381.3838195800781 5393.93505859375
129.0108184814453 4417.29052734375 1144.8665771484375 4646.0009765625
122.41730499267578 3542.74169921875 576.2186889648438 3615.504638671875
121.16357421875 5684.06640625 533.134765625 5745.1220703125
795.6818237304688 1554.6485595703125 1290.4512939453125 1764.5115966796875
1074.5675048828125 2582.83447265625 1311.2384033203125 2646.826904296875
1140.169189453125 1849.33203125 1437.133056640625 2251.202392578125
123.60723876953125 4985.84521484375 359.1669616699219 5050.6015625
892.5653686523438 3677.83740234375 1294.214111328125 4180.39892578125
353.608154296875 1846.8804931640625 691.7843017578125 2250.04248046875
119.68132781982422 4695.22607421875 481.0513000488281 4893.19287109375
979.1156616210938 6817.62548828125 1308.0289306640625 6871.41943359375
530.508056640625 2712.558837890625 898.061279296875 3092.980712890625
123.53706359863281 3084.312255859375 317.09228515625 3133.1259765625
1085.7645263671875 29.394084930419922 1205.6119384765625 98.39962005615234
124.37017059326172 2716.898193359375 487.1177062988281 3090.8857421875
124.68482208251953 6824.66796875 491.4046936035156 6874.166015625
132.93809509277344 1170.8453369140625 1281.287353515625 1523.31640625
123.29364013671875 553.0867919921875 756.2440795898438 620.751708984375
127.19159698486328 3405.9970703125 1005.0536499023438 3524.53759765625
1219.835693359375 25.3408260345459 1338.6387939453125 99.87117004394531
446.9931640625 3675.2626953125 842.4052734375 4182.84033203125
1149.9989013671875 4694.5751953125 1427.7689208984375 5062.3056640625
120.6123275756836 1554.3876953125 633.5731811523438 1708.5899658203125
0.7160639762878418 2001.2657470703125 307.82489013671875 2405.76318359375
3.4885025024414062 3683.37939453125 393.57208251953125 4187.82275390625
536.6817626953125 3085.370361328125 829.3778076171875 3133.523681640625
535.8818969726562 4695.17529296875 1098.5059814453125 5109.5732421875
126.21076965332031 5152.728515625 1297.57958984375 5401.61181640625
129.42872619628906 5563.64794921875 656.884765625 5661.205078125
128.97669982910156 2565.423828125 987.8077392578125 2659.398681640625
739.662353515625 2003.420166015625 1082.1556396484375 2407.628173828125
130.51388549804688 5795.1943359375 1294.16162109375 6268.96142578125
946.5850219726562 2712.9228515625 1308.486572265625 3087.94482421875
