123.49584197998047 1982.064697265625 386.9792175292969 2184.59521484375
362.751953125 3007.54931640625 389.24383544921875 3035.384765625
123.94865417480469 847.2144165039062 1272.6219482421875 889.2142333984375
976.5379028320312 3118.671875 1316.6280517578125 3152.076416015625
123.83293151855469 2270.911376953125 385.71331787109375 2472.75537109375
123.2497329711914 1690.24365234375 385.8873596191406 1893.38818359375
123.34683990478516 1689.4791259765625 386.13348388671875 1894.150390625
123.09957885742188 3117.50830078125 490.15838623046875 3151.05615234375
560.2910766601562 42.84964370727539 618.3941650390625 69.71768188476562
433.9986572265625 2326.96337890625 1009.2532958984375 2387.863525390625
857.6011962890625 2976.2158203125 1020.8978271484375 3057.721435546875
1018.8866577148438 43.8151741027832 1071.1136474609375 70.19389343261719
366.23284912109375 343.1180419921875 1074.2008056640625 372.0190124511719
432.22943115234375 1132.892822265625 1228.5985107421875 1257.0965576171875
124.12535858154297 1402.3697509765625 386.69952392578125 1603.9022216796875
434.0498352050781 2036.3006591796875 1180.9501953125 2097.017333984375
793.8832397460938 43.63950729370117 855.9851684570312 69.81078338623047
715.3690185546875 43.022159576416016 772.2489013671875 69.29664611816406
455.34820556640625 2826.71533203125 985.3856811523438 2945.084228515625
638.8646850585938 42.645347595214844 693.8501586914062 71.54534149169922
433.2960205078125 1713.1015625 1225.7835693359375 1838.5306396484375
123.46990203857422 1111.04345703125 386.5940856933594 1312.4510498046875
432.93646240234375 1423.0545654296875 1243.7723388671875 1549.48828125
124.21990203857422 1401.5240478515625 386.9174499511719 1604.1807861328125
879.1566772460938 43.35066223144531 994.9287109375 70.71174621582031
1027.0628662109375 2997.8974609375 1163.208251953125 3043.037353515625
435.0926818847656 1844.041259765625 668.0689086914062 1875.4537353515625
434.5403137207031 2392.75537109375 667.3715209960938 2424.144775390625
1222.951904296875 30.93195915222168 1342.09521484375 90.10148620605469
73.59989166259766 1.3051056861877441 314.8342590332031 122.37049102783203
123.74005126953125 1981.93359375 386.99847412109375 2185.22314453125
124.30284881591797 2270.673583984375 386.0106506347656 2473.6884765625
121.8599624633789 410.4941101074219 1319.1878662109375 823.4738159179688
218.2581787109375 3006.688232421875 247.6090850830078 3039.53857421875
1181.1839599609375 2998.539306640625 1316.3314208984375 3042.9140625
1092.097412109375 32.39167404174805 1204.0438232421875 90.20048522949219
433.6993713378906 2102.627685546875 667.0577392578125 2133.679443359375
644.9158935546875 2531.467529296875 796.4600219726562 2590.6708984375
120.60022735595703 3004.321533203125 152.5402374267578 3038.56689453125
